Coefficients:

 5.0,   1.0,   7.0,  -7.0,   6.0,   9.0,  -8.0,   8.0,   6.0,  -1.0,  -8.0,  -7.0,   2.0,  -4.0,  -8.0,   0.0,  -6.0,  -7.0, -10.0,  -8.0
 7.0,  -6.0,  -6.0,  -3.0,  10.0,   8.0,  -8.0,  -4.0,   2.0,  -4.0,   0.0,   7.0,   1.0,   7.0,   2.0,   2.0,   4.0,  -4.0,   3.0,   7.0
 9.0,  -4.0,  -7.0,   4.0,  -9.0,   8.0,   4.0,   9.0,   5.0,   5.0,  -4.0,  -7.0,   0.0,  -6.0,   4.0,   2.0,   1.0,   3.0,  -2.0,   3.0
 5.0,   3.0,  -4.0,   1.0, -10.0,  -9.0,   6.0,   9.0,  -9.0,  -5.0,   0.0, -10.0,  -8.0,   9.0,   0.0,   5.0,   0.0,   7.0,  -4.0,  10.0
-3.0,  -9.0,  -9.0,  10.0,   7.0,   1.0,   2.0,   3.0,   5.0,   8.0,  -2.0,  -1.0,   9.0,  -1.0,   1.0,   1.0,  -2.0,  -8.0,   7.0,   4.0
 3.0,  -3.0,   5.0,  -8.0,  -1.0,  -4.0,   8.0,  -1.0,   7.0,  10.0, -10.0,  -1.0,   4.0,   0.0,   6.0,  -4.0,  -9.0,  -6.0,  -4.0,   0.0
 3.0,   0.0,  10.0,   3.0,  -6.0,   7.0,  -7.0,  -8.0,   9.0,  -4.0,  -7.0,   6.0,   9.0, -10.0,   2.0,  -5.0,   3.0,  -1.0,  -3.0, -10.0
 7.0,   2.0,  -4.0,   4.0,   0.0,   3.0,  -6.0, -10.0,   0.0,  -4.0,   4.0,   1.0,  -9.0,  -2.0,  -6.0,   9.0,   1.0,   5.0, -10.0,   8.0
 9.0,  -7.0,   6.0,   6.0,   5.0,   0.0,  -7.0,  -7.0,   8.0,   6.0,  -7.0,  -6.0,  -1.0,  -9.0,  -1.0,  -9.0,   1.0,  -1.0,   1.0,  -9.0
 6.0,  -7.0,   5.0,   8.0,  -3.0, -10.0,   1.0,  -4.0,  -1.0,  -7.0,   6.0,   4.0,   5.0,  -5.0,  10.0,   1.0, -10.0,   7.0,  -6.0,  -7.0
 4.0,  -8.0,  -4.0,  -6.0,   2.0,  -5.0,   2.0,   6.0,   2.0,   1.0,  -9.0,  -4.0,   9.0,  -6.0,  -2.0,  -8.0,  -3.0,   1.0,  -1.0,   3.0
 3.0,  -7.0,   2.0,  -5.0, -10.0,  -2.0,   2.0, -10.0,   4.0,   6.0, -10.0,  -5.0,  -9.0,  -1.0,   7.0,   5.0,  -1.0,  -2.0,  -4.0,  -4.0
 7.0,   3.0,   0.0,  -2.0,   6.0,  -3.0,  10.0,   4.0,  -7.0,   1.0,   4.0,   5.0,  -2.0,  -5.0, -10.0,   5.0,   7.0,   5.0,  -9.0, -10.0
 1.0, -10.0,  -4.0,   4.0,  10.0,   3.0,   4.0,  -2.0,  -5.0,  10.0,  -2.0,  -3.0,  -1.0,  10.0,   4.0,   5.0,   9.0,   8.0,  -6.0,  -5.0
-3.0,  -1.0,   6.0,  -5.0,   1.0,  -6.0,   1.0,  -3.0,   9.0,   4.0,   6.0,   0.0,  -6.0, -10.0,   2.0,   5.0,  -2.0,  -2.0,   2.0,   9.0
-9.0,   2.0,  -2.0,   1.0,  -9.0,   7.0,  10.0,   2.0,   3.0,  -8.0,  -8.0,   5.0,   9.0, -10.0,   8.0,  -8.0,   6.0,   1.0,  -4.0, -10.0
 4.0,  -7.0,   0.0,   5.0,  -7.0,  10.0,   3.0,  -4.0,   9.0,  -9.0,   3.0,  -2.0,  -1.0,  10.0,   7.0,  -1.0, -10.0,   5.0,   7.0,  -5.0
-7.0,   9.0,   8.0,   1.0,   0.0,   0.0,   0.0,   5.0,  -1.0,  -1.0, -10.0, -10.0,   4.0,  -9.0,   3.0,   5.0,  -2.0,   2.0,  -5.0,  -9.0
-5.0,   6.0,   3.0, -10.0,  -4.0,   0.0,   5.0,   2.0,   9.0,   3.0,   4.0,   3.0,   8.0,   1.0,   1.0,   5.0,   1.0,  -8.0, -10.0,  -8.0
 4.0,  -9.0,  -4.0,   9.0,  -1.0,  10.0,   9.0, -10.0,  -8.0,   2.0,   4.0,   7.0,   8.0,   1.0,  -5.0,  -7.0,   5.0,   3.0,   5.0,  -8.0

Constants:

-8.0, 2.0, 5.0, 7.0, 5.0, -9.0, 0.0, 9.0, 4.0, -5.0, 8.0, -9.0, 1.0, 3.0, -2.0, -2.0, 6.0, 10.0, 2.0, -5.0

Expected:

[
     0.42483177  1.05426056 -0.89539233 -0.06691239  0.41554584
    -0.52006665  0.10889383 -0.67418602  1.06754043 -0.37442787
    -0.09826593 -1.07958079  1.04631257  0.13620134 -0.25838214
     0.48234027  0.49453971  1.02800194  0.56439505 -0.01779573
]